Nós	metrica1	metrica2	metrica3	metrica4




[3, 4, 5, 6, 7, 9, 10, 12, 15]

[3.384, 6.497, 10.488, 14.432, 18.026, 30.27, 37.44, 46.622, 71.4]

[29, 44, 66, 85, 110, 156, 158, 216, 265]

[0, 0, 0, 0, 2, 5, 7, 12, 28]

[126, 45, 5, 1, 0, 0, 0, 0, 0]

Nós	metrica1	metrica2	metrica3	metrica4




[3, 4, 5, 6, 7, 9, 10, 12, 15]

[3.384, 6.497, 10.488, 14.432, 18.026, 30.27, 37.44, 46.622, 71.4]

[29, 44, 66, 85, 110, 156, 158, 216, 265]

[0, 0, 0, 0, 2, 5, 7, 12, 28]

[126, 45, 5, 1, 0, 0, 0, 0, 0]

Nós	metrica1	metrica2	metrica3	metrica4




[3, 4, 5, 6, 7, 9, 10, 12, 15]

[3.384, 6.497, 10.488, 14.432, 18.026, 30.27, 37.44, 46.622, 71.4]

[29, 44, 66, 85, 110, 156, 158, 216, 265]

[0, 0, 0, 0, 2, 5, 7, 12, 28]

[126, 45, 5, 1, 0, 0, 0, 0, 0]

Nós	metrica1	metrica2	metrica3	metrica4




[3, 4, 5, 6, 7, 9, 10, 12, 15]

[3.384, 6.497, 10.488, 14.432, 18.026, 30.27, 37.44, 46.622, 71.4]

[29, 44, 66, 85, 110, 156, 158, 216, 265]

[0, 0, 0, 0, 2, 5, 7, 12, 28]

[126, 45, 5, 1, 0, 0, 0, 0, 0]

